0 62 683 876
1 1406
2 112 121 152 156 384 454 474 495 526 544 556 559 578 591 699 716 734 766 901 1012 1016 1083 1084 1392 1469
3 48 60 418 910 1255
4 1255
5 156 424 440 495 559 766 792 1084
6 792
7 792
8 308 442 455 501 544 639 718 938 1012
9 774 834 1216
10 308 442 639 718 1012
11 331 611 622
12 477 513 606
13 232
14 442
15 604
16 639
17 490 623 745
18 454 1271 1403
19 1028
20 418 463
21 82 1158
22 543
23 484
24 637 1196
25 308 442 455 544 639 718 938 1012
26 308 442 455 544 639 718 938 1012
27 469 1504
28 68 83 113
29 758
30 146 164 220 226 258 404 479 660 769 810 841 913 947
31 226 258 479 810 841
32 59
33 288 308 442 455 544 639 673 718 938 948 1012
34 156 375 792 796 859 879 1084 1456
35 156 792 1084
36 101 251 277 331 449 497 593 611 613 622 628 864 892 1041 1048 1050 1414
37 1343
38 568
39 205 1063
40 92 133 460 810 823 826
41 114 202 581 699 706 1017 1273
42 328
43 303 308 432 442 455 544 639 718 778 938 1012 1160
44 4 33 40 308 442 455 544 639 718 825 938 1012 1149 1150 1217 1300 1317
45 4 18 33 40 44 53 214 308 322 338 351 390 397 405 416 432 434 442 455 521 544 551 581 587 602 638 639 640 699 702 706 718 746 747 749 761 791 825 938 977 1004 1012 1017 1018 1059 1066 1180 1217 1300 1309 1317 1420 1421 1441
46 421 462 535
47 289
48 495 881 962 1211
49 639
50 28 97 172 249 268 308 385 442 455 470 484 525 544 564 603 639 648 662 718 756 928 929 938 959 982 1012 1021 1022 1023 1138 1269 1319 1386
51 1453
52 102 226 265 404 479 732
53 801
54 538 941
55 308 442 455 544 639 718 1012
56 114 202 269 607 699 706 1017 1078 1249 1273 1484
57 112 118 127 156 192 205 284 304 335 345 375 566 590 785 796 797 803 838 859 873 879 886 919 920 991 993 994 1024 1026 1056 1057 1063 1064 1084 1194
58 156 766 1084
59 792 1456
60 308 442 455 544 639 718 938 1012
61 1065 1284
62 1082
63 280 930 1004
64 219 330 864 930 1278
65 261 1096
66 799
67 441 955 1209
68 495 774 881
69 19 305 447 454 498 544 576 590 639 748 938 1012 1084
70 792
71 156 311 1084
72 682
73 308 442 544 545 639 718 938 1012
74 915
75 156 1084
76 172 217 470 755 929 1007
77 82 249 484 982 1158
78 82 156 172 217 249 424 440 484 487 495 559 603 648 714 735 754 766 796 870 879 929 982 1007 1084 1158
79 156 424 440 495 559 766 814 1084
80 378 397 751 938
81 1457 1465
82 214 308 432 442 544 581 639 718 938 1012 1017
83 495 962
84 157 442 465 495 774 836 851 900 1457
85 110 465
86 110 157 465 495 774
87 1 298 381 1464
88 174 314 751
89 1286 1409
90 203 243 306 371 461 516 934 950 1147 1353 1355 1383 1487 1493
91 272 654 967 1052 1185 1202 1210 1267 1297
92 185
93 1503
94 404
95 166 496 558
96 589 1338
97 185 776
98 118 156 163 375 440 766 796 814 879 920 1084
99 408 580
100 156 1084
101 112 284 335 590 886 991 1084 1459
102 1049
103 1170
104 1049 1082 1250
105 156 766 1084
106 241
107 420
108 23 57 1506
109 774 962
110 470 972 1021 1386
111 1296
112 114 206 485 507 888
113 495 774 962
114 33 40 147 241 544 587 639 763 1012 1217 1351
115 80 114 202 204 213 225 247 263 271 295 316 323 359 528 549 550 631 651 699 706 715 724 801 840 890 940 943 1007 1043 1071 1100 1220 1230 1243 1337 1413 1478
116 531 893 965
117 155 178 210 225 247 263 271 278 288 295 300 316 325 392 457 498 525 528 544 550 553 567 584 617 631 637 639 650 662 673 686 710 724 729 756 806 809 816 832 840 866 890 938 948 1007 1012 1070 1071 1084 1113 1220 1242 1274 1337 1478 1486
118 19 118 127 305 375 424 454 498 559 576 590 639 785 796 859 879 1084 1247
119 756
120 112 163 454 764
121 756 1256
122 411 472 561 1011 1082 1201 1345 1395 1444 1473 1474 1477 1494
123 155 210 447 498 544 576 637 639 650 748 938 1012 1084
124 155 210 544 637 639 938 1012
125 80 204 213 263 271 323 359 532 549 646 651 715 818 890 940 943 1043 1071 1100 1230 1243 1337 1413
126 174 314
127 33 40 63 308 442 455 544 639 718 928 938 959 1012 1317 1351
128 495
129 445 898 1027
130 355
131 155 210 544 637 639 938 1012
132 2 545
133 638 1266
134 375 796 879 1238
135 498 590 639 1084
136 125 207 227 319 330 377 380 524 533 575 697 830 864 871 874 885 1041 1342 1344 1428 1429
137 308 442 455 544 639 718 938 1012
138 152 308 442 455 544 639 667 718 938 1012
139 130 143 183 308 383 392 417 420 442 481 544 626 639 718 854 938 1244 1253
140 130 143 183 308 383 417 420 425 442 455 481 544 564 619 626 639 718 762 788 854 938 959 1012 1092 1244 1253 1392
141 1090
142 394 1090
143 20 984 985 986 1488
144 20 29 30
145 20 29 30 129 179 216 343 488 536 620 680 765 804 846 849 856 952 953 960 981 1013 1111 1112 1165 1188 1190 1215 1301 1320 1356 1361 1362 1418 1436
146 492 775 908
147 969
148 157 495 607 836 1457 1470 1481
149 187 618 813 983 1040
150 112
151 1259
152 288 333
153 835
154 53 77 648 1444
155 1131
156 214
157 222 246 312 352 415 642 691 853 1234
158 8 34
159 284
160 284 305 375 407 764 796 879
161 114 338 416 579 581 702 761 791 1004 1017 1220 1421
162 352 415 642 691 983 1011 1234 1235 1390 1395 1413 1443 1477
163 484
164 140 292 868 1037
165 1470
166 124 136 197 260 289 423 506 545 572 597 604 657 663 674 753
167 520
168 1379
169 901 1064
170 284 358 792
171 5 10 191 270 430 483 526 1005 1020
172 237 304 682 920 993 994 1056 1057
173 127 205 237 284 304 335 375 498 590 796 838 879 920 990 995 1064 1084 1459
174 569
175 358 1296
176 308 442 455 639 718 938 1012
177 154 198 199 229 286 391 398 427 439 586 614 628 709 847 888 988 1001 1135
178 154 398 574 586
179 154 169 398 555 586 628 888
180 101 805 1055 1404
181 101 199 229 422 439 604 614 805 1135
182 285 792 1456
183 308 442 455 544 639 718 938 1012
184 112
185 205 237 284 304 335 375 498 566 590 796 797 838 861 879 920 990 993 994 995 1064 1084 1203 1459
186 222 415 540 691
187 794
188 130 143 183 308 383 417 420 425 442 481 544 564 619 626 639 718 788 854 938 959 1012 1092 1244 1253 1392 1457 1465
189 148 255 262 599 681
190 308 442 544 639 718 938 1012
191 23
192 202 204 263 359 581 651 699 791 1004 1017 1071 1273 1421
193 1020
194 134 332 1115
195 85 469 1504
196 590 1084
197 590 1084
198 123 222 312 352 415 431 540 642 691 853 937 1234 1276 1390 1395 1413 1443 1477
199 35 287 1112 1233 1357
200 792 1456
201 1180 1354
202 355 679 682 829
203 442 544 1012
204 655
205 1469
206 794 1277
207 512 604 865
208 75 109 182 252 282 313 339 365 406 473 484 512 604 647 676 722 738 794 817 865 905 918 922 934 1268 1280 1467
209 174 314
210 174
211 112 156 205 284 326 440 487 495 559 685 708 766 778 796 838 879 920 994 995 1026 1061 1084
212 214 303 581 1015
213 156 424 440 495 559 766 814 1084
214 264
215 225 247 263 271 278 295 316 442 528 550 567 617 631 710 718 724 729 806 809 840 890 1007 1022 1071 1182 1220 1337 1478 1486
216 158 212 801 878
217 414 688 1476
218 352 415 642 691 1234 1390 1395 1413 1443 1477
219 404
220 22 23 41 1398
221 1221
222 176 263 544 1012 1457 1465
223 112 748 1028
224 411 748 927
225 1123
226 638 1267
227 1141 1163 1232
228 408 580
229 189 408 453 580
230 580
231 108 151 298
232 189 294 408 580
233 495 774 881
234 64 128 131 141 190 347 354 446 468 511 514 518 656 672 695 705 789 808 936 963 987 1060 1198 1263 1288 1331 1373 1393 1451
235 162 185 186 308 378 403 442 455 544 630 639 664 718 751 882 915 938 1012 1096 1292
236 1238
237 289
238 519 731
239 92 133 254 448 460 693 730 782 810 823 826 1014 1032 1058 1287 1453 1454
240 845
241 158 212 878 998 1434
242 133 254 314 357 448 456 730 782 1014 1032 1058
243 92 133 448 460 730 782 810 823 826 1287
244 92 460 810 826
245 1035
246 150 910
247 94 95 109 117 124 132 136 164 168 171 197 211 220 226 232 252 258 260 275 289 302 318 344 363 365 366 370 379 404 406 414 419 423 426 437 443 450 476 479 492 503 506 510 529 572 582 588 597 653 657 658 719 723 725 739 753 767 770 772 775 810 841 858 877 884 904 908 913 934 973 989 997 999 1000 1006 1048 1075 1104 1107 1120 1277 1282 1346 1425 1426 1427 1442 1476
248 301 394 605 943
249 264 386 563 1448
250 86 92 133 448 460 782 810 826 944 1303 1489
251 1118
252 76 81 84 91 158 212 771 807 878 1011 1235
253 26
254 72 561 878 1406
255 649 1171
256 76 84 91 807 1035 1153
257 1396
258 445
259 106 249 484 744 1007 1008
260 122
261 174 314
262 801
263 1092
264 281 838 957
265 1171
266 375 544 796 879 1012
267 659
268 308 442 455 544 639 718 938 1012
269 111 393 1091 1208
270 720 802
271 845
272 880
273 155 210 454 544 549 637 639 650 938 1012
274 155 210 544 637 639 650 938 1012
275 323 331 532 549 569 595 1306
276 525 553 1071 1229 1274
277 1463
278 442 938 1269
279 447 544 576 639 748 938 1012
280 108 757
281 498 1084
282 53
283 756 1256
284 96 381 416 531 634 1129
285 594 837
286 445 898 1027
287 645
288 1094
289 374
290 308 442 455 544 639 718 938 1012
291 112
292 1132
293 495 1148
294 1350
295 495 1350
296 152 625
297 403
298 44 186 455 583 664 1214 1245 1336 1370 1371 1500
299 505
300 145 388
301 17 37 196 308 309 378 397 442 452 455 505 544 639 718 743 751 779 938 1012
302 505
303 27 36 234 505 743 751 891 914 961
304 441 955 1109 1209
305 196 583 664 758 1108 1314
306 441 955 1109
307 883
308 505 556 743 779 883 891 1126
309 442
310 52
311 1132 1293
312 112 156 766 1084
313 682
314 679 682
315 520
316 792 994 1064
317 172 929 982
318 217 742 972 1031 1311 1380 1384 1386
319 130 143 183 308 383 417 420 425 434 442 481 544 564 619 626 639 718 788 854 938 959 1012 1066 1253
320 308 434 442 455 544 639 718 938 1012 1066 1299
321 838
322 156 424 440 495 559 766 1084
323 372
324 46 185 186 308 378 442 455 639 718 751 938 1012 1245 1371
325 44 162 185 308 378 397 403 442 455 544 583 639 664 718 751 938 1012 1096
326 1370
327 962
328 116
329 163 327 434 843 855 925 1066 1227 1440
330 434 1066
331 240 434 819 1066
332 60
333 211 592
334 926
335 381 828 950 1086 1430 1431
336 958
337 196 758
338 420 556 1479 1483
339 1223
340 112 886 995
341 792
342 163 284 304 311 345 560 792 920
343 284 560 792 920
344 792
345 191 248 526 702 1005 1471
346 270 430 526
347 236 401 541 549 741 890
348 970
349 975
350 495 1211
351 103 162 336 372 751 783 784 938 1189 1205 1260 1305 1323 1462 1490
352 63 308 442 455 544 639 718 938 1012 1136 1212 1300
353 114 238 269 291 478 508 611 635 689 887 926 1501
354 308 442 455 544 639 718 938 1012
355 382 848 1019
356 308 372 397 403 442 455 544 639 664 718 938 1012
357 263 549 598 736 1468
358 1298
359 1298
360 164 166 220 529 699 706 707
361 174 314
362 99 290 547 1038 1045 1197 1376
363 80 114 178 204 225 247 263 271 288 300 316 323 359 528 549 584 631 651 673 698 715 724 840 866 890 940 943 948 1007 1043 1070 1071 1100 1220 1222 1230 1241 1243 1274 1337 1413 1478 1491
364 268
365 288 356 401 480 741
366 288 299 333 356 480 629 741 806 897
367 123 352 853
368 378 727 751
369 308 442 455 544 639 718 938 1012
370 845
371 176 1249
372 372 378 751 1381
373 792 1456
374 100 874
375 163 764
376 898
377 868
378 99 106 410 513 612 644 700 815 831 874 902 1042 1046 1047 1110 1159
379 93 330 524 830 945
380 109 182 252 339 365 473 545 647 676 817 905 918 922 934 1268 1280 1467
381 429 520
382 112 345 559 1391
383 442 639
384 218 1128
385 795
386 156 424 440 495 559 766 1084
387 811
388 13 177 273 451 661 811 857
389 107 214 322 338 351 390 405 416 432 521 551 581 602 640 699 702 706 746 761 791 979 1004 1017 1018 1059 1144 1340 1421
390 84 91
391 335
392 84 91 273 661 771 1011 1176 1213
393 13 84 91 273 337 451 519 661 1184 1193 1213 1437
394 311 375 544 576 594 748 796 879 938 959 1012 1085 1465 1485
395 107 114 187 202 204 213 315 405 416 436 466 471 551 579 581 601 624 633 640 699 702 706 715 721 761 791 896 903 917 1004 1017 1043 1059 1166 1236 1273 1388 1421
396 517
397 101 180 277 330 524 805 830
398 774
399 1470
400 284 311
401 105 148 167 209 249 255 262 283 346 523 599 681 704 744 781 910 939 1009 1139 1177
402 105 148 255 262 599 681 744 910 939
403 590 1084
404 226 459 479 530 757 895
405 792
406 176 297 570 1121 1283 1466
407 1121 1466
408 176 297 1121 1466
409 100 1083
410 1064
411 308 442 455 544 639 718 938 1012 1090
412 31 1090
413 123 222 259 292 312 323 331 361 415 486 532 540 549 577 703 742 853 1074 1102 1137 1234 1390 1395 1413 1422 1443 1477
414 1015 1160
415 766
416 127 205 237 304 345 560 590 682 796 990 994 1056 1057 1063 1084
417 301 589 1412
418 156 284 285 424 440 487 495 522 559 615 714 754 766 792 797 867 996 1026 1061 1084 1456
419 504 565 690
420 93 180 524 830
421 792 1456
422 766 814
423 1076 1084
424 170 317 424 440 495 559 615 714 766 796 861 879 916 990 992 995 996 1084
425 708 798 901 1064
426 112 118 127 156 499 714 733 785 796 859 873 879 916 919 1084
427 127 170 284 304 335 340 345 358 428 433 498 499 522 566 785 796 838 859 861 867 879 901 920 990 991 993 994 995 996 1062 1064 1084
428 583
429 639
430 134 176 750 1249 1294
431 62 235 296 692 954
432 34 978
433 176 552
434 263 544 1012 1457 1465
435 350 907
436 375 400 409 796 879 996
437 165 176 178 188 247 278 288 295 300 369 392 464 528 550 584 607 617 648 673 816 818 840 864 866 948 1070 1071 1087 1093 1220 1244 1246 1274 1389 1457 1465 1486
438 130 143 176 183 263 308 383 417 420 425 442 481 544 564 619 626 639 718 788 854 938 959 1012 1244 1253 1392 1457 1465
439 130 143 183 308 383 417 420 425 442 481 544 564 619 626 639 718 788 854 938 959 1012 1244 1253 1392
440 427 545
441 308 320 397 442 455 544 591 639 718 938 1012 1150
442 114 144 202 204
443 117 288 333 353 356 444 800 966
444 445 898 1027 1228
445 5 483 1254
446 842
447 7 9 1379 1432
448 172 217 249 417 470 484 603 648 701 740 929 972 982 1021 1386
449 639
450 796 859 879 1170 1372
451 156 424 440 495 559 766 1084
452 792 1456
453 1338 1419
454 263 1457 1465
455 156 424 440 495 559 766 1084
456 76 81 1035
457 1116 1199 1200 1240 1401 1402
458 65 600
459 1272
460 167 283 750 1139 1294
461 372
462 378 727
463 214
464 308 442 455 544 639 718 938 1012
465 80 204 263 268 271 359 631 651 715 943 1007 1043 1100 1413
466 718
467 178 225 247 263 268 271 278 295 316 323 359 528 549 550 584 617 631 724 729 806 809 840 866 890 1007 1070 1071 1100 1220 1274 1337 1478 1486
468 127 205 237 284 304 335 375 498 566 590 796 797 838 861 879 920 994 995 1064 1084 1203 1459
469 81 84 91 807
470 156 311 1084
471 156 424 440 495 559 766 1084
472 156 424 440 495 559 766 1084
473 155 210 498 544 637 639 650 938 1012 1084
474 311
475 1064
476 308 442 455 544 639 718 938 1012
477 403 505 751 934
478 165 176 297 1121
479 308 762
480 285 792 1456
481 795 824
482 966
483 149 219 266 280 288 299 333 353 444 538 613 629 652 696 930 941 942 966 1069 1072 1073 1101 1127 1154 1155 1172 1278 1330 1407 1423
484 156 1084
485 130 143 183 308 383 417 420 425 442 454 481 544 564 607 619 626 639 699 718 728 762 774 788 854 900 938 946 959 1012 1092 1244 1253 1392 1469
486 556
487 308 442 455 544 639 718 938 1012
488 621
489 73 1313
490 292 742
491 114 202 263 271 581 631 651 699 706 791 1007 1071 1220
492 156 284 424 440 495 522 559 766 867 1061 1062 1084
493 308 442 455 639 718 938 1012 1470
494 241 1134
495 178 204 225 247 263 271 288 300 316 359 457 528 584 673 710 724 840 866 890 948 1007 1070 1071 1220 1274 1337 1478
496 812 980
497 4 33 40 214 308 338 416 432 442 455 544 581 639 718 938 1012 1217 1317
498 416 607 1078 1249 1484
499 358
500 358 433 522
501 1119 1173 1360
502 172 308 442 544 639 718 929 1012
503 101 154 198 286 611 988 1001
504 639 980
505 222 312 352 361 415 642 691 703 1102 1234 1276
506 442 544 773 1012 1469
507 792 1076 1084 1456
508 524 830
509 332
510 92 95 258 460 723 810 826 1349
511 429 535
512 267
513 214 308 442 544 639 699 718 1012 1017
514 112 156 424 440 495 559 766 792 1084 1456
515 792 1456
516 792 1456
517 102 404
518 1259
519 442 639
520 214 308 432 442 544 581 639 718 1012
521 214 308 442 544 639 718 938 1012
522 611 792
523 807
524 568
525 83
526 23
527 161
528 24
529 166 496 707
530 166 496 707
531 386
532 308 442 455 544 639 718 938 1012
533 818
534 274 367 636
535 142 157 274 308 367 539 544 585 636 699 774 818 821 836 851 900 1012 1265 1334 1457 1465
536 142 157 274 308 367 539 544 585 636 699 774 818 821 836 851 872 900 1012 1265 1334 1457 1465
537 274 636 836 900 1358
538 142 157 367 607 636 728 774 821 836 851 900 1092 1265 1457
539 487 615 714 862 870 996 1025 1026
540 202 581 699 706
541 353 827
542 535
543 116 241 764
544 241
545 156 163 424 440 454 495 559 766 1084 1391
546 308 442 455 535 544 718 938 1012
547 679 682
548 462 535
549 398
550 542 1099 1175
551 223
552 308 442 639 718 938 1012
553 75 137 160 200 215 223 435 711 786 814 911 1316 1341
554 1052
555 682
556 156 766 814 1084
557 34
558 311 375 796 879
559 156 424 440 495 559 766 1084
560 156 1084
561 156 1084
562 535
563 352
564 285 487 615 792 870 996
565 176
566 120 348 780 799 868 1053 1226
567 703 868
568 112 163 170 205 237 284 305 317 326 387 409 424 440 487 495 499 559 566 576 609 610 615 708 735 748 754 766 796 797 798 861 862 879 886 990 992 995 996 1061 1064 1084 1257 1367 1473
569 178 247 278 288 295 300 392 528 550 584 617 673 806 816 840 866 948 1070 1071 1220 1274 1486 1502
570 1289
571 978
572 155 210 442 544 549 576 637 639 669 748 938 1012
573 498 650 938 1084
574 324 1261
575 589 1338
576 114 206 507 888
577 844 875
578 699
579 401 541 741 935
580 87
581 68 83 113
582 84
583 88
584 389 1095
585 288 356 480 741
586 22 41
587 159 454 1156
588 531
589 484
590 112
591 1496
592 1457 1465
593 817
594 156 424 440 495 559 766 792 1084 1456
595 123 222 312 352 540 642 691 853 1276
596 162 185 378 455 751 938
597 3 130 143 183 195 308 383 389 417 420 425 442 455 481 544 564 619 626 639 664 718 788 854 938 959 1012 1081 1161 1205 1253
598 1130 1161 1262
599 185 664 1096
600 768 1019
601 130 143 183 308 383 417 420 425 442 481 544 564 619 626 639 718 788 854 938 959 1012 1244 1253 1392
602 504 596 839 1279
603 874
604 679 682 901
605 205 237 335 345 498 590 708 798 920 995 1064 1084
606 1171
607 110
608 284 304 335 345 498 560 590 838 920 1084
609 495
610 120 348 780 799 868 1053 1226
611 292
612 175 176 257 494 793 875 1030 1048
613 497
614 604
615 625
616 762
617 1411 1508
618 76 81 807 1473
619 1383
620 421 462 535
621 1368
622 724
623 285 424 440 495 559 766 792 1084 1456
624 170 205 237 304 317 345 375 522 615 682 735 796 797 838 861 867 879 920 990 991 992 993 995 996 1056 1057
625 1353
626 402 496 835 931 1432
627 512 604 865
628 177 273 308 442 455 544 639 718 811 938 1012
629 130 143 183 308 383 417 420 425 442 481 544 564 619 626 639 718 788 854 864 938 959 1012 1253
630 571 751 776
631 114 126 201 202 206 418 485 507 581 684 699 706 712 713 752 888
632 1364
633 156 326 424 440 495 559 766 838 920 1084
634 792 1456
635 120 348 780 799 1053 1226
636 107 187 513 640 687 903 1183
637 308 442 544 639 718 938 1012
638 68 85 1054
639 904 933
640 34
641 158 212 878
642 445 898 1027 1228
643 472 1011 1472 1477
644 495
645 1479 1483
646 1244 1465
647 158 212 878
648 1470
649 176 188 369 464 607 648 818 1087 1246 1389 1457 1465
650 362
651 434 1066
652 549
653 284 920
654 679 682
655 694
656 127
657 156 792 1084
658 792
659 205 284 304 345 838 861 901 920 990 992 994 995
660 335 358 522 838 861 867 901 920 990
661 901
662 205 237 304 335 345 590 995 1084
663 650
664 792 1456
665 156 424 559 1084
666 112 118 156 205 284 326 375 424 440 487 495 499 559 685 708 766 778 785 796 838 879 920 994 995 1026 1084
667 112 156 205 284 424 440 499 559 708 766 778 796 838 879 920 993 994 995 1084
668 792 920
669 304 920
670 920
671 792
672 367
673 110 412 495 774 863 881
674 495
675 495
676 362
677 362
678 67 1378
679 67
680 403
681 185
682 162
683 270 430
684 1264 1322
685 308 442 455 544 639 718 938 1012
686 311 345 560 792 838 920 995
687 335 433 522 838 867 920
688 398
689 676
690 796 879
691 7 11 21
692 1206
693 375 796 838 859 879 919 1026
694 284
695 205 237 304 335 345 375 498 499 590 708 796 798 879 1024 1064 1084
696 112 118 127 192 284 566 733 785 792 796 797 803 859 873 879 901 919 1024 1026 1203 1456 1507
697 156 792 1084 1143 1315
698 329 417 546 564 701 740
699 329 417 546 564 701 740
700 506
701 526 578 666 716 734 1016
702 62 296 616 683 876
703 472
704 699
705 112 205 304 317 335 358 375 400 590 682 796 798 838 861 879 886 901 920 990 991 992 994 995 996 1056 1057 1084
706 375 796 879
707 1054 1482
708 68 78 85 1054 1328 1482
709 288 333 1088
710 1122
711 1119 1173 1360
712 1269
713 33
714 1469
715 1264
716 112 127 156 170 205 237 284 285 304 317 335 340 345 375 400 424 433 440 495 499 522 559 566 590 615 682 708 714 754 766 792 796 797 798 838 859 861 862 867 870 879 886 901 919 920 990 991 992 993 994 995 996 1026 1056 1057 1061 1062 1063 1064 1084 1173 1456 1459
717 637 1196
718 1339
719 441
720 757
721 1316
722 1382
723 664 1096
724 664 1096
725 287
726 1410
727 1363
728 411 1090 1438
729 352 441 756 853
730 56
731 1363
732 504
733 270 430 474 526 578 666 716 734 1016 1097 1098
734 84 91
735 353 1186
736 140 198 286 331 1001 1002 1003
737 581
738 114
739 500
740 270 430 526
741 628
742 628
743 699 1469
744 154 169 391 398 574 586 677 709 888 912
745 154
746 396
747 549 598 736
748 263 698 1071 1229 1241 1274 1444 1458
749 176 359 464 607 818 1087
750 895 906 1106
751 1458
752 331 449 611
753 149 219 398 538 941 1154 1172
754 82 1158
755 738
756 1082
757 113 1067 1400 1480
758 101 154 169 231 391 398 586 709 805 888 1164
759 441 967 1310
760 45 66 643 1218
761 174
762 758
763 1252
764 1297
765 1382
766 110 244 364 412 495 863 881
767 868
768 1052
769 205 237 284 304 495 559 901 920 993 994 1056 1057 1063 1064 1459
770 115 568 605 641 1174 1178 1419
771 196 397 664 751
772 77
773 105 148 224 255 262 599 681 744 887 899 939
774 204 359 818 1071 1237
775 308 442 455 544 639 718 938 1012
776 568
777 127 192 205 375 395 560 682 796 879 994 1056 1057 1063 1170
778 568
779 498 650 938 1084
780 921
781 399 731 1251
782 214
783 214 1017
784 1470
785 1213
786 792
787 94 95 164 265 289 344 363 529 588 657 658 660 732 753 858 908 973 1387 1447
788 123 222 312 415 540 642 691
789 937
790 147
791 1125
792 787 1306
793 513 896 1258 1366
794 49
795 778 860 1015
796 230
797 499 796
798 192 499 796
799 472
800 22 41 319
801 149 154 219 391 398 538 586 888 930 941 1004
802 864
803 125 134 180 277 332 342 524 889
804 101 805
805 321
806 321 969 1114 1302
807 794
808 604
809 112 163 284 285 305 400 407 487 764 792 797 838 870 919 996 1025 1026 1456
810 974
811 191 526 578 1005 1098
812 445
813 1363
814 0 173
815 1142 1169
816 1505
817 1435
818 469 1504
819 469 1504
820 265
821 192
822 284
823 112 118 127 284 499 566 796 797 870 879 919
824 792
825 112 118 156 205 284 326 375 424 440 487 495 499 559 685 708 766 778 785 796 838 879 920 995 1026 1084
826 112 156 284 326 424 440 495 499 559 685 766 778 785 796 838 879 920 995 1026 1084
827 112 284
828 797
829 797
830 118 284 285 373 400 487 615 714 792 797 803 838 862 870 919 996 1025 1026 1456
831 792
832 75 137 160 200 215 223 435 711 786 814
833 766
834 375 796 879
835 118 127 170 192 205 237 284 304 317 345 373 375 395 499 566 615 708 733 785 796 797 798 803 814 838 859 861 873 879 916 919 920 990 992 993 994 995 996 1026 1056 1057 1061 1063 1064 1203
836 205 682 994 995
837 205 237 335 560 590 1084
838 304
839 205 237 284 304 335 345 375 498 566 590 796 838 861 879 920 990 992 994 995 1064 1084
840 170 205 237 304 335 345 375 498 499 590 708 796 798 838 879 920 990 992 993 994 995 1056 1057 1064 1084 1203
841 580
842 298
843 751
844 233
845 495
846 412 495 881
847 495
848 495
849 1359
850 1358 1359
851 412 881 962
852 375 618 796 879
853 187 213 218 315 325 349 406 513 687 791 903 1039 1183
854 306 376 381 403 578 751 828 934 950 1103 1293
855 193 751
856 27 67 1353
857 1147
858 185 397 758 950
859 441 760 955 1109
860 1
861 193 306 371 381
862 1284
863 500 822
864 67
865 1251
866 632
867 103 336 654 1185 1370
868 284 335 345 920
869 335
870 362
871 149 199 219 288 333 398 538 930 941 1004 1154 1172
872 207 277 331 629 697
873 608
874 498 650 938 1084
875 938 969 1302
876 938 969 1302
877 373 375 499 615 714 796 859 870 879 916 919 1026
878 118 796 873 919
879 112 118 127 499 733 785 796 859 873 879 916 919
880 112 335 345 358 590 792 1084
881 156 1084
882 56
883 237 284 498 990 995 1084 1459
884 1378
885 112 118 163 499 796 879
886 472
887 445 898 1027 1228
888 1035
889 1160
890 971
891 1082
892 1082
893 460 730 810 826 1146 1285 1454
894 92 133 448 460 730 782 810 823 826 1453 1454
895 730
896 957
897 178 247 278 288 295 300 392 528 550 584 617 673 840 866 948 1070 1071 1220 1274 1486
898 797 919
899 1296
900 127 205 237 304 317 335 345 375 498 499 566 590 708 796 798 838 859 861 879 920 990 992 993 994 995 996 1024 1056 1057 1064 1084 1203
901 625 783
902 792 901
903 792
904 965
905 792
906 465
907 308 442 455 544 639 643 718 938 1012
908 208
909 67
910 441
911 67 968
912 562 934
913 43 239
914 172 249 484 603 648 755 929 982
915 792
916 726 927 1439 1445
917 110 495 863
918 83
919 1095
920 162 632
921 1369
922 654
923 580
924 499 796 994
925 335
926 455 484 639 718 938
927 950 1152 1312 1326
928 74 82 459 1158 1281
929 114 202 204 247 263 271 278 359 617 631 651 699 706 791 840 1007 1071 1220
930 25
931 442
932 205 499 796 879 994
933 441
934 114 202 204 263 359 581 631 651 699 706 791 1004 1007 1017 1071 1273 1421
935 293 720 737
936 1375
937 375 544 796 879 938 1012
938 1424
939 1181
940 643
941 256 474 489 557 665 675 937 1231 1365 1446
942 120 348 780 799 1053 1226 1307 1433
943 308 442 455 544 639 718 938 1012
944 4 33 40 54 55 76 130 143 183 308 383 417 420 425 442 481 544 564 619 626 639 718 762 788 854 938 959 1012 1080 1149 1253 1267 1348 1497
945 130 143 183 308 383 417 420 425 442 481 544 564 619 626 639 718 762 788 854 938 959 1012 1080 1253 1267
946 639 650
947 58
948 18
949 416
950 31
951 548
952 896
953 921
954 766 786
955 155 210 544 637 639 938 1012
956 1183
957 420 454 607 699 728 774 900 946 1092 1469
958 1089
959 472 561 1011 1082 1345 1395 1444 1473 1475 1477
960 1030
961 335 345 358 498 590 792 1084
962 304 335 345 498 590 792 1084
963 133 460 782
964 315 436 471 624 903
965 699
966 233 270 430
967 154 391 398 586 888
968 790
969 127 566 796 797 873
970 578
971 330 524 578 734 830 1016
972 284 358 433 522 861
973 205 221 237 304 305 345 375 400 407 440 509 566 764 785 796 797 814 838 859 861 862 879 920 990 992 993 994 995 996 1024 1026 1064 1238
974 118 499 796 879
975 687 896 932 1033
976 127
977 402
978 6 190 307 518 527 964
979 6 16 354 600 1145 1187 1295 1335 1347 1394 1416 1449 1450 1498 1499
980 558 573 835
981 516
982 535
983 683 876
984 498 590 639 1084
985 727
986 112 118 127 304 373 375 400 428 714 792 796 803 838 859 861 862 870 879 901 919 920 990 992 993 994 995 996 1010 1024 1026 1079 1203 1456
987 162
988 303 1406
989 835
990 469 1504
991 1410
992 1408
993 205 237 284 335 590 1064 1084
994 75 160 205 221 237 304 305 345 375 400 407 409 487 509 566 610 764 785 796 797 814 838 859 861 862 879 920 990 992 993 994 995 996 1024 1026 1064 1238
995 205 237 284 304 305 345 375 400 407 409 487 764 785 796 814 859 861 862 879 920 990 992 993 994 995 996 1024 1026
996 28 225 316 457 710 724 1182
997 1452
998 124 139 211 506 621 744 1029 1117
999 980
1000 1
1001 397 751
1002 205 284 792
1003 956
1004 119 722
1005 375 796 879 1238
1006 181 248 270 430 445 524 526 578 716 734 1016 1098 1193 1228 1471
1007 744 801
1008 321
1009 314
1010 310 751 934 950 1052 1103
1011 112 205 284 304 317 335 345 358 498 566 576 590 682 708 798 838 861 886 901 920 990 991 992 993 994 995 1056 1057 1062 1064 1084
1012 43
1013 467
1014 79 83 85 87
1015 404
1016 110 153 157 159 279 458 465 759 836
1017 537
1018 308 442 455 501 544 639 718 938 1012
1019 75 160 237 304 305 345 375 407 409 566 764 796 797 814 859 879 990 995 1064
1020 112 118 163 284 285 305 373 400 407 424 440 487 495 559 566 615 754 764 766 792 797 838 870 919 920 996 1025 1026 1034 1061 1084
1021 19 447 454 498 544 576 590 639 748 938 1012 1084
1022 1304
1023 969 1302
1024 1077
1025 32 303 778 860 1105 1495
1026 90 134 332
1027 895 906
1028 192 205 1056 1057 1063
1029 156 685 792 838 920 1084
1030 288 333
1031 504 842 845
1032 211 492 592 657 753 845
1033 335 590 1084
1034 332
1035 192 375 785 796 859 879 1024 1238
1036 1406
1037 237 345 375 566 796 879 1064
1038 205 221 284 345 375 409 509 610 796 814 859 879 990 996
1039 1404
1040 1038 1376 1417
1041 242
1042 1264
1043 38 42 50 66 914 1290 1321 1405
1044 461
1045 544 1012 1465
1046 375 735 796 879
1047 594 837
1048 19 424 447 544 559 576 590 639 748 938 1012 1084
1049 335
1050 335
1051 304 838 920 990
1052 682
1053 814
1054 1371
1055 118 127 284 305 487 735 764 785 796 797 803 838 859 870 873 879 919 1026 1056 1057
1056 202 607 699 706 1078 1249 1484
1057 118 127 192 373 499 566 733 785 796 797 803 859 873 879 916 919
1058 118 395 499 714 785 796 859 879
1059 920
1060 27 630 1133 1162 1324 1325 1353 1355
1061 381 531
1062 682
1063 124 136 366 663
1064 556 699
1065 495
1066 110 244 364 412 495 863 881
1067 345 373 375 566 785 796 797 803 859 879 916 919 920
1068 1385
1069 198 504 839
1070 70 104 135 140 194 198 276 286 293 502 670 777 809 833 864 909 1001 1002 1003 1036 1044 1050 1051 1055 1068 1352
1071 110 157 836 881
1072 732
1073 89
1074 482 578 852 914 1248
1075 7
1076 39 164 558 573 1168 1279
1077 594 837
1078 397 743
1079 445
1080 205 335 375 498 796 879 1063 1084
1081 590 1084
1082 205 237 304 335 345 375 498 590 708 796 798 879 920 995 1024 1056 1057 1064 1084
1083 192
1084 112 127 170 192 205 237 284 304 335 345 375 395 495 499 560 590 682 708 796 879 886 901 920 990 993 994 995 1024 1056 1057 1064 1084 1170 1367 1372 1459
1085 756
1086 112 156 796 879 1084
1087 491
1088 397 403 727
1089 306 341 360 717 751 758 776 784 934 1096 1132 1378
1090 413
1091 80 114 178 204 217 225 247 263 271 288 295 300 316 323 359 392 528 549 550 581 584 617 631 651 673 698 715 724 840 866 890 940 943 948 1007 1043 1070 1071 1100 1220 1222 1230 1241 1243 1274 1337 1413 1478
1092 308 442 455 544 637 639 718 938 1012 1196
1093 792
1094 792
1095 237 304 335 345 375 590 796 879 920 990 993 995 1064 1084
1096 118
1097 1202
1098 608
1099 726 927 1439 1445
1100 192 205 237 284 317 345 499 682 796 879 920 993 994 1056 1057 1459
1101 99 184 290 406 767 956 1045 1046 1225
1102 125 138 180 219 250 330 332 475 524 554 781 869 874 889 949 1157 1204 1219 1224 1329 1374 1407 1415
1103 185
1104 172 470 929
1105 189 294 544 580 1012
1106 189 294 408 580
1107 1119 1360
1108 636 881
1109 636 881 1358 1359
1110 25
1111 1160
1112 1292
1113 77
1114 155 210 498 544 637 639 650 938 1012 1084
1115 792
1116 499 796
1117 112 118 163 796 879
1118 284 317 708 797 991 1064
1119 368 381 562 828 1302 1310
1120 1239
1121 442
1122 976
1123 558
1124 208
1125 285 766 792 1456
1126 112 118 127 205 284 285 304 340 358 373 375 400 428 433 440 498 522 566 615 714 785 792 796 797 803 838 859 861 862 867 870 879 901 919 990 992 993 994 995 996 1024 1026 1063 1064 1084 1203 1456 1459
1127 1
1128 938 1465
1129 1350
1130 185 360 894 1399
1131 142 157 274 308 367 539 544 585 636 774 821 836 851 900 1012 1265 1334 1457 1465
1132 1160
1133 181 666 1124
1134 398
1135 1457 1465 1470
1136 68 71 79 83 84 85 87 91 448 1460
1137 639
1138 1090
1139 520 639 1207
1140 792
1141 12 1275 1308 1397
1142 10 233 445 898 924 1027 1052 1228
1143 98 508 926
1144 321
1145 625
1146 625
1147 67
1148 71 85 86 89
1149 395 560 1170
1150 495
1151 345 920
1152 743
1153 158 212 878
1154 335 345 920
1155 116 241
1156 375 499 796 879
1157 228 419 515 605 850 877 923 1167
1158 548 1065
1159 308 442 544 639 718 1012
1160 1117
1161 14 15 56
1162 745
1163 89
1164 787 1306
1165 303 1406 1473
1166 441 955 1314
1167 43 1151 1191
1168 928 959
1169 47
1170 203 1327 1461
1171 976
1172 621
1173 51 1233
1174 156 424 495 559 766 1084
1175 304 358 400 433 498 522 566 838 861 901 990 992 993 994 995 1064 1084
1176 12
1177 345 920
1178 682
1179 284 440 797
1180 244 364 495 863
1181 187 213 325 338 349 601 671 687 791 1270
1182 272
1183 112 205 304 317 335 345 358 375 400 433 498 522 590 682 796 798 838 861 879 886 901 920 990 991 992 994 995 996 1056 1057 1084
1184 330
1185 56
1186 18 1160 1192
1187 1377
1188 359 678
1189 118 566 797 1194 1203
1190 274 367
1191 1332
1192 1455
1193 67
1194 80 97 114 178 202 204 217 225 247 263 268 271 278 288 295 300 308 316 323 329 359 392 417 442 455 457 528 544 549 550 564 567 584 617 631 639 651 662 673 699 710 715 718 724 729 756 840 866 890 928 938 943 948 959 1007 1012 1022 1023 1043 1070 1071 1100 1182 1220 1230 1269 1274 1319 1337 1478 1486 1502
1195 591 1483
1196 334 681
1197 61
1198 154 169 199 391 398 555 574 586 677 812 847 888 912 988
1199 118 438 919
1200 47 284 304 345 433 522 566 994 995 1064
1201 205 237 304 335 498 566 590 1064 1084
1202 308 442 544 639 718 1012
1203 958
1204 627
1205 898
1206 147 544 1012
1207 69
1208 495
1209 115 253 394 820 943 1179 1195 1332 1333 1492
1210 397 403 491 668 751 1096 1318
1211 205 237 335 590 1064 1084
1212 1
1213 272 1140
1214 771
1215 4 33 977
1216 84
1217 245 493
1218 102 534
1219 284 358 792 861 1456
1220 335 590 1084
1221 147 951
1222 414 1476
1223 1291
1224 1453 1454
1225 544 762 788 1012 1465
1226 177 273
1227 172 470 929
1228 923
